synapse_id,length,dist_from_root,reference_neuron,dataset,inputs,outputs
4508238,0.0,0.2095526317669053,ASHL,L1 16hr,RIFL,"['RIML', 'ASHL']"
4508098,0.0,0.8810486254497578,ASHL,L1 16hr,AVHL,"['ASHL', 'AWBL']"
4508097,0.0,0.8818926879603651,ASHL,L1 16hr,AVHL,"['ASHL', 'AWBL']"
4508096,0.0,0.8870136167174174,ASHL,L1 16hr,AVHL,"['ASHL', 'AWBL']"
4508095,0.0,0.8884807509633844,ASHL,L1 16hr,AVHL,"['ASHL', 'AWBL']"
4507518,0.0,0.4932918885282876,ASHL,L1 16hr,ASHL,"['AVDR', 'AVAL']"
4507517,0.0,0.4942343736224552,ASHL,L1 16hr,ASHL,"['AVDR', 'AVAL']"
4507516,0.0,0.496114512610565,ASHL,L1 16hr,ASHL,"['AVBL', 'AVAL']"
4503897,0.0,0.2476868560993062,ASHL,L1 16hr,AIAL,"['AIBL', 'ASHL']"
4503896,0.0,0.2438133931418522,ASHL,L1 16hr,AIAL,"['ASHL', 'AIBL']"
4503834,0.0217790946984938,0.4986419065980373,ASHL,L1 16hr,AIAL,"['ASHL', 'AIBL']"
4503229,0.0051439839391131,0.5609846788091152,ASHL,L1 16hr,AWBL,"['URXL', 'AIZL', 'ASHL']"
4503228,0.0,0.5609846788091152,ASHL,L1 16hr,AWBL,"['URXL', 'ASHL']"
4503227,0.0,0.552380771463298,ASHL,L1 16hr,AWBL,['ASHL']
4501355,0.0,0.9787396203327716,ASHL,L1 16hr,ASHL,['AIAL']
4501354,0.0,0.9631494948042764,ASHL,L1 16hr,ASHL,['AIAL']
4501353,0.0,0.9596046032998216,ASHL,L1 16hr,ASHL,"['AWAL', 'PVQL', 'AIAL']"
4501334,0.0,0.6471172683843294,ASHL,L1 16hr,ASHL,['AIAL']
4501333,0.0,0.6538269808108389,ASHL,L1 16hr,ASHL,"['URXL', 'AWAL', 'AIAL']"
4500463,0.0,1.0,ASHL,L1 16hr,AIMR,"['AIAL', 'ASHL']"
4500462,0.0,0.9853649645748112,ASHL,L1 16hr,AIMR,"['AIAL', 'ASHL']"
5470783,0.0,0.2514394670308428,ASHL,L1 16hr,ASHL,['AIAL']
4498656,0.0,0.2037992934055535,ASHL,L1 16hr,ASHL,"['RIAL', 'AVAR']"
4498655,0.0,0.2025711835326156,ASHL,L1 16hr,ASHL,"['AVAR', 'RIAL']"
4498654,0.0,0.2004051957180637,ASHL,L1 16hr,ASHL,"['ADAL', 'AVAR', 'RIAL']"
4498653,0.0,0.1995088746241913,ASHL,L1 16hr,ASHL,['RIAL']
4498652,0.0,0.206873906992813,ASHL,L1 16hr,ASHL,"['RIAL', 'ADAL']"
4498651,0.0,0.2083898235030807,ASHL,L1 16hr,ASHL,"['ADAL', 'RIAL']"
4498650,0.0,0.2095526317669053,ASHL,L1 16hr,ASHL,"['ADAL', 'RIAL']"
4498645,0.0,0.2276718720386745,ASHL,L1 16hr,ASHL,"['AIAL', 'AIBL']"
4498644,0.0,0.2317881788244886,ASHL,L1 16hr,ASHL,"['AIAL', 'AIBL']"
4498643,0.0,0.2337152986732724,ASHL,L1 16hr,ASHL,"['AIAL', 'AIBL']"
4498629,0.0,0.7907451162890036,ASHL,L1 16hr,ASHL,"['AVDL', 'AVBL']"
4498628,0.0,0.7820342282991303,ASHL,L1 16hr,ASHL,"['AVDL', 'AVBL']"
4498627,0.0,0.780820395649862,ASHL,L1 16hr,ASHL,"['AVDL', 'AVBL']"
4498625,0.0,0.3180286431064508,ASHL,L1 16hr,ASHL,['AIAL']
4498624,0.0,0.3134715703130531,ASHL,L1 16hr,ASHL,['AIAL']
4498623,0.0,0.3126456618064315,ASHL,L1 16hr,ASHL,"['ASKL', 'AIAL']"
4498618,0.0,0.3926674888596867,ASHL,L1 16hr,ASHL,"['AVBL', 'AVDR']"
4498617,0.0,0.4029167438883087,ASHL,L1 16hr,ASHL,"['AVBL', 'AVDR']"
4498616,0.0,0.4118036968124268,ASHL,L1 16hr,ASHL,"['AVBL', 'AVDR']"
4498615,0.0,0.4193646575126206,ASHL,L1 16hr,ASHL,['AVBL']
4498614,0.0,0.438446540306707,ASHL,L1 16hr,ASHL,['AVBL']
4498613,0.0,0.477901499692806,ASHL,L1 16hr,ASHL,['AVAL']
4498612,0.0,0.4932918885282876,ASHL,L1 16hr,ASHL,"['AVAL', 'AVAL']"
4498601,0.0,0.477901499692806,ASHL,L1 16hr,ASHL,"['AVDR', 'AVBL', 'AVAL']"
4498600,0.0,0.438446540306707,ASHL,L1 16hr,ASHL,"['AVDR', 'AVBL']"
4498599,0.0,0.4193646575126206,ASHL,L1 16hr,ASHL,"['AVDR', 'AVBL']"
4498598,0.0,0.4118036968124268,ASHL,L1 16hr,ASHL,"['AVBL', 'AVDR', 'AVDR']"
4498597,0.0,0.4029167438883087,ASHL,L1 16hr,ASHL,"['AVDR', 'AVBL', 'AVDR']"
4498583,0.0,0.4193646575126206,ASHL,L1 16hr,ASHL,['AVDR']
4498582,0.0,0.438446540306707,ASHL,L1 16hr,ASHL,['AVDR']
4498581,0.0,0.477901499692806,ASHL,L1 16hr,ASHL,['AVDR']
4498580,0.0,0.4932918885282876,ASHL,L1 16hr,ASHL,"['AVAL', 'AVDR']"
4498579,0.0,0.4942343736224552,ASHL,L1 16hr,ASHL,"['AVAL', 'AVDR']"
4498578,0.0,0.496114512610565,ASHL,L1 16hr,ASHL,"['AVDR', 'AVAL']"
4498577,0.0,0.4986419065980373,ASHL,L1 16hr,ASHL,"['AVDR', 'AVAL']"
4498576,0.0,0.513447978733981,ASHL,L1 16hr,ASHL,"['AVDR', 'AVAL']"
4498574,0.0,0.5331543385828794,ASHL,L1 16hr,ASHL,"['AVBL', 'PVCR', 'AVAL', 'AVAL']"
4498565,0.0202482524934132,0.4986419065980373,ASHL,L1 16hr,ASHL,['AIAL']
4498564,0.0179272030386787,0.4986419065980373,ASHL,L1 16hr,ASHL,['AIAL']
4498563,0.0155007868605227,0.4986419065980373,ASHL,L1 16hr,ASHL,['AIAL']
4498562,0.0119967538264919,0.4986419065980373,ASHL,L1 16hr,ASHL,['AIAL']
4498549,0.0202482524934132,0.4986419065980373,ASHL,L1 16hr,ASHL,"['AVDR', 'ADAL']"
4498546,0.0,0.6011793839388877,ASHL,L1 16hr,ASHL,['AIAL']
4498545,0.0,0.6128487174237023,ASHL,L1 16hr,ASHL,"['AWAL', 'AIAL']"
4498535,0.0,0.552380771463298,ASHL,L1 16hr,ASHL,['AVAL']
4498534,0.0,0.549825937416589,ASHL,L1 16hr,ASHL,"['AVAL', 'AVBL']"
4497575,0.0357682988619645,0.4986419065980373,ASHL,L1 16hr,ADLL,"['ASHL', 'AIBL', 'AVDR']"
4496757,0.0,0.2095526317669053,ASHL,L1 16hr,ADFL,"['ASHL', 'RIAL']"
4496756,0.0,0.2138985815472364,ASHL,L1 16hr,ADFL,"['RIAL', 'ASHL']"
4496755,0.0,0.2158638658900325,ASHL,L1 16hr,ADFL,"['ASHL', 'ADAL']"
5049102,0.0,0.4579641115179899,ASHL,L2,ASHL,"['AIBL', 'AIAL']"
5037122,0.0,0.7747034003240096,ASHL,L2,RMGL,"['ADAL', 'AVBL', 'ASHL']"
5036544,0.0,0.6058986998427248,ASHL,L2,RIFL,"['ASHL', 'AVBL', 'SDQL']"
5036542,0.0,0.986602587694294,ASHL,L2,RIFL,"['ASHL', 'AVBL']"
5031090,0.0,0.1274576313504336,ASHL,L2,AVJR,"['AVBL', 'ASHL', 'RIFL']"
5030813,0.0,0.4055628181795944,ASHL,L2,ASKL,"['ASHL', 'AIAL']"
5030640,0.0164878542134923,0.8533130138213482,ASHL,L2,ASHL,"['AVDL', 'AVAL']"
5030637,0.0,0.2167588215905814,ASHL,L2,ASHL,"['RIML', 'RIAL', 'ADFL']"
5030636,0.0,0.2567258664569813,ASHL,L2,ASHL,"['RIAL', 'RIML']"
5030635,0.0,0.2705310878871804,ASHL,L2,ASHL,"['RIML', 'RIAL', 'ADFL']"
5030634,0.0,0.2839396768745237,ASHL,L2,ASHL,"['RIFL', 'AIAL', 'AIBL']"
5030633,0.0,0.358723004578707,ASHL,L2,ASHL,"['AIBL', 'AIAL']"
5030631,0.0,0.3846432063961569,ASHL,L2,ASHL,['AIAL']
5030629,0.0,0.4028513390722545,ASHL,L2,ASHL,"['ASKL', 'AIAL']"
5030628,0.0,0.4261289145178816,ASHL,L2,ASHL,"['AVDR', 'AVBL']"
5030627,0.0,0.4450331887942291,ASHL,L2,ASHL,"['AVDR', 'AIAL']"
5030626,0.0,0.4518695849549816,ASHL,L2,ASHL,"['AVDR', 'AVBL']"
5030624,0.0,0.5459829275834243,ASHL,L2,ASHL,"['AIAL', 'AIBL']"
5030622,0.0,0.5524072595417345,ASHL,L2,ASHL,"['AVDR', 'AVBL']"
5030621,0.0,0.6058986998427248,ASHL,L2,ASHL,"['AVDR', 'ADAL', 'ADLL', 'AVBL']"
5030617,0.0,0.6290020623067951,ASHL,L2,ASHL,"['ADAL', 'AVBL', 'AVDR', 'AVAL']"
5030616,0.0,0.648370973526316,ASHL,L2,ASHL,"['AVAL', 'AVBL']"
5030615,0.0,0.6962483200359979,ASHL,L2,ASHL,"['AVAL', 'AVHR']"
5030614,0.0,0.7252969585960738,ASHL,L2,ASHL,"['ADAL', 'URXL', 'AVEL']"
5030613,0.0,0.9776691462522172,ASHL,L2,ASHL,"['AWBL', 'AWAL']"
4977214,0.0,0.2851864519169729,ASHL,L2,AIAL,"['RIFL', 'ASHL']"
4976804,0.0,0.6849656653032113,ASHL,L2,ADAL,"['AVJR', 'AVBL', 'ASHL']"
4977125,0.0,0.4741883124217246,ASHL,L2,ADLL,"['ASHL', 'AVDR', 'SMBVL']"
4977208,0.0,0.5524072595417345,ASHL,L2,AIAL,"['ASHL', 'AIBL']"
4977059,0.0,0.267868754851698,ASHL,L2,ADFL,"['ASHL', 'RIAL', 'SIBVL']"
4977120,0.0,0.4195617356262981,ASHL,L2,ADLL,['ASHL']
4977132,0.0,0.6192871158871937,ASHL,L2,ADLL,"['AVAL', 'ADAL', 'ASHL']"
6647179,0.0100273686131923,0.5121190122442408,ASHL,L1 8hr,RIFL,"['ADAL', 'ASHL', 'ADAL']"
6375057,0.0100273686131923,0.5121190122442408,ASHL,L1 8hr,ASHL,"['AIAL', 'ASKL']"
6375056,0.0207831169608238,0.5121190122442408,ASHL,L1 8hr,ASHL,"['AIBL', 'ASKL']"
6375055,0.0,0.2779938482848187,ASHL,L1 8hr,ASHL,"['ADFL', 'AWAL']"
6375054,0.0,0.3288932053901514,ASHL,L1 8hr,ASHL,"['AIBL', 'AIAL']"
6375053,0.0071522815836313,0.5716310594720786,ASHL,L1 8hr,ASHL,"['ADAL', 'AVDR']"
6375051,0.0,0.7308111297334028,ASHL,L1 8hr,ASHL,"['ADAL', 'ALML', 'AVDL', 'AVAL']"
6375048,0.0123084213657231,0.5121190122442408,ASHL,L1 8hr,ASHL,['AIAL']
6375047,0.0,0.3056696645145305,ASHL,L1 8hr,ASHL,"['AIAL', 'AIBL']"
6375046,0.0,0.2527292278132331,ASHL,L1 8hr,ASHL,"['SMBDL', 'RIAL', 'SIBVL']"
6375045,0.0,0.2222444424874323,ASHL,L1 8hr,ASHL,"['RIAL', 'ADFL']"
6374884,0.0,1.0,ASHL,L1 8hr,AIML,"['ASHL', 'PVQL']"
6374802,0.0207831169608238,0.5121190122442408,ASHL,L1 8hr,AIAL,"['ASKL', 'ASHL', 'AIBL']"
6374734,0.0,0.2392948923187399,ASHL,L1 8hr,ADFL,"['SMBDL', 'RIAL', 'ASHL', 'SMBVL']"
7125500,0.0,0.5192573342586497,ASHL,L1 0hr,RIFL,"['ASHL', 'AVBL']"
7125499,0.0,0.3209522091239592,ASHL,L1 0hr,RIFL,"['ASHL', 'AVBL']"
7125496,0.0,0.9094427756833708,ASHL,L1 0hr,RIFL,"['PVQR', 'ASHL']"
7051238,0.0,0.5608304292173428,ASHL,L1 0hr,ASHL,"['ADAL', 'AVBL']"
7182391,0.0,0.3174141100827615,ASHL,L1 0hr,ASHL,"['SMBVL', 'SMBDL']"
7182389,0.0,0.3377576073504566,ASHL,L1 0hr,ASHL,"['AIBL', 'AIAL']"
7182388,0.0,0.8051425391331184,ASHL,L1 0hr,ASHL,"['ADAL', 'AVDL']"
7182387,0.0,0.4835454746361153,ASHL,L1 0hr,ASHL,['AIAL']
15137572,0.0,0.5382744263391804,ASHL,L3,ASHL,"['AVDR', 'AIAL']"
15137571,0.0,0.5826231502270364,ASHL,L3,ADLL,"['ASHL', 'AVDR']"
7185312,0.0,0.7007154738838728,ASHL,L3,RMGL,"['AVBL', 'ASHL', 'AVEL']"
7185311,0.0050205917679097,0.754244661659621,ASHL,L3,RMGL,"['ASHL', 'AVBL']"
7184795,0.0,0.579598777593988,ASHL,L3,RIFL,"['ASHL', 'ALML', 'AVBL']"
7184448,0.0305615093320728,0.5382744263391804,ASHL,L3,PVQL,"['ASHL', 'AIAL', 'ASKL']"
7184441,0.0,0.2506223102034534,ASHL,L3,PVQL,"['ASHL', 'RIFL', 'AVFR']"
7184440,0.0,0.3289233721837736,ASHL,L3,PVQL,"['ASHL', 'AIAL', 'ASKL']"
7183756,0.0,0.9353618897388338,ASHL,L3,AWBL,"['RIFL', 'ASHL']"
7183733,0.0,0.3172004374768384,ASHL,L3,AWAL,"['ASHL', 'ASEL']"
7183658,0.0,0.6823014712578711,ASHL,L3,AVHR,"['ADFL', 'URXL', 'ASHL']"
7183409,0.0,0.3320283741792292,ASHL,L3,ASHL,"['AIAL', 'AIBL']"
7183406,0.0,0.1910583765917314,ASHL,L3,ASHL,"['RIML', 'RIAL']"
7183403,0.0070409807981828,0.754244661659621,ASHL,L3,ASHL,"['AIAL', 'ADFL', 'AWBL']"
7183398,0.0,0.5532306352421944,ASHL,L3,ASHL,"['AVBL', 'AVDR']"
7183397,0.0147467042313047,0.754244661659621,ASHL,L3,ASHL,"['AVBL', 'AVDL', 'AVAL']"
7183392,0.0,0.270809838574306,ASHL,L3,ASHL,"['AIAL', 'AIBL']"
7183391,0.0,0.2085306750298108,ASHL,L3,ASHL,"['RIML', 'RIAL', 'ADFL']"
7183390,0.0,0.1797354506693745,ASHL,L3,ASHL,"['RIAL', 'ADFL']"
7183389,0.0,0.2951867506980979,ASHL,L3,ASHL,['AIAL']
7183388,0.0,0.3260713950657897,ASHL,L3,ASHL,"['AIBL', 'AIAL']"
7183387,0.0,0.3859405110161157,ASHL,L3,ASHL,"['AVAR', 'AVBL', 'AVDR']"
7183386,0.0,0.4016304847628185,ASHL,L3,ASHL,"['AIAL', 'AIBL']"
7183385,0.0,0.4924434767876217,ASHL,L3,ASHL,"['AVDR', 'AIBL', 'AIAL']"
7183384,0.0,0.54540627002209,ASHL,L3,ASHL,"['AIBL', 'ADAL']"
7183383,0.0,0.54540627002209,ASHL,L3,ASHL,"['AVDR', 'AIBL', 'AIAL']"
7183382,0.0,0.5826231502270364,ASHL,L3,ASHL,"['AVDR', 'AVAL', 'AVBL']"
7183381,0.0,0.5996271940899698,ASHL,L3,ASHL,"['AVAL', 'AVBL']"
7183380,0.0,0.6085878953267504,ASHL,L3,ASHL,"['AVAL', 'AVBL']"
7183372,0.0,0.6309088409798282,ASHL,L3,ASHL,"['ADAL', 'AVAL', 'AVBL']"
7183370,0.0,0.6504503097993481,ASHL,L3,ASHL,"['ADAL', 'AVBL']"
7183368,0.0,0.9864644845461918,ASHL,L3,ASHL,"['AVAL', 'AVBL', 'AVDL']"
7183367,0.0,0.9973459369086676,ASHL,L3,ASHL,"['AVDL', 'AVAL']"
7182824,0.0,0.6085878953267504,ASHL,L3,ADLL,"['SMBVL', 'ASHL', 'AVAL']"
9824056,0.0181482187165895,0.4484210420092973,ASHL,TEM adult,ADLL,"['ASHL', 'AVDR', 'AIBL']"
8239676,0.0181482187165895,0.4484210420092973,ASHL,TEM adult,ADLL,"['ASHL', 'AVDR', 'AVJR']"
9824055,0.0,0.3409124459976073,ASHL,TEM adult,ADLL,"['ASHL', 'PVNL']"
8415493,0.0119892915539383,0.5309251623575167,ASHL,TEM adult,ASHL,"['ASHL', 'ADLL']"
8467192,0.0,0.2144964027432515,ASHL,TEM adult,RIFL,"['ASHL', 'RIML', 'AVBL']"
8415493,0.0613665911110907,0.5309251623575167,ASHL,TEM adult,ASHL,"['ASHL', 'ADLL']"
8415494,0.0613665911110907,0.5309251623575167,ASHL,TEM adult,ASHL,['ASHL']
8469140,0.0243769920533984,0.9592197435089752,ASHL,TEM adult,ASHL,"['AIAL', 'AWAL', 'HSNL', 'HSNR']"
8467247,0.0395204666264659,0.5309251623575167,ASHL,TEM adult,RIGL,"['AIZL', 'ASHL']"
8467191,0.0,0.2467461185304136,ASHL,TEM adult,RIFL,"['RIML', 'ASHL', 'AVBL']"
8417042,0.0,0.2055306097590904,ASHL,TEM adult,AWAL,"['ASHL', 'RIFL']"
8417040,0.0,0.2424384904967035,ASHL,TEM adult,AWAL,"['ASHL', 'RIFL']"
8416161,0.0078779614454233,0.6205444083484258,ASHL,TEM adult,AVHR,"['ASHL', 'AVAL']"
8415512,0.0,0.32093825802353,ASHL,TEM adult,ASHL,"['AVDR', 'PVNL']"
8415511,0.0,0.3970951702581567,ASHL,TEM adult,ASHL,"['AIAL', 'HSNR']"
8415510,0.0,0.4747420079728398,ASHL,TEM adult,ASHL,"['AIAL', 'AVDR']"
8415508,0.0177731830780357,0.5309251623575167,ASHL,TEM adult,ASHL,"['AVDR', 'ADLL']"
8415507,0.0149707776871472,0.5309251623575167,ASHL,TEM adult,ASHL,"['ADLL', 'AVDR']"
8415506,0.0346782261276941,0.5309251623575167,ASHL,TEM adult,ASHL,['AVAL']
8415505,0.023066124486481,0.5309251623575167,ASHL,TEM adult,ASHL,"['AVDR', 'AVAL']"
8415504,0.0063812742404631,0.6205444083484258,ASHL,TEM adult,ASHL,"['AVBL', 'ADAL']"
8415503,0.0096211241314976,0.6205444083484258,ASHL,TEM adult,ASHL,"['AVAL', 'AVBL']"
8415502,0.0158171071748109,0.6708026114190409,ASHL,TEM adult,ASHL,"['AWBL', 'AVFR']"
8415501,0.0211031068945199,0.6708026114190409,ASHL,TEM adult,ASHL,"['ADFL', 'AIAL']"
8415499,0.0,0.788216326277321,ASHL,TEM adult,ASHL,"['AVDL', 'AVJL']"
8415497,0.0025924055059061,0.7729768130460973,ASHL,TEM adult,ASHL,"['AVBL', 'AVAL', 'AVHR']"
8415496,0.0175974703352947,0.5309251623575167,ASHL,TEM adult,ASHL,"['AVDR', 'AVAL', 'AVBL']"
8415495,0.0020721467963181,0.1367078668450043,ASHL,TEM adult,ASHL,"['AIYL', 'AVJR']"
8415492,0.0,0.1515283791964753,ASHL,TEM adult,ASHL,"['AIAL', 'PVNL', 'AVDR']"
8415491,0.0,0.2572448301773314,ASHL,TEM adult,ASHL,"['AIAL', 'AVDR']"
8415490,0.0,0.3047442409838637,ASHL,TEM adult,ASHL,"['AVDR', 'AVBL', 'PVNL']"
8415489,0.0,0.3197853615545461,ASHL,TEM adult,ASHL,"['AIBL', 'ASKL', 'AIAL']"
8415487,0.0,0.323509813129689,ASHL,TEM adult,ASHL,"['AVDR', 'PVNL']"
8415486,0.0,0.3591532118970506,ASHL,TEM adult,ASHL,"['AIBL', 'AIAL']"
8415485,0.0,0.3894325538551147,ASHL,TEM adult,ASHL,"['AIBL', 'AIAL']"
8415484,0.0,0.4189926557880116,ASHL,TEM adult,ASHL,"['HSNR', 'AIAL']"
8415483,0.0131666845425225,0.4484210420092973,ASHL,TEM adult,ASHL,"['AVJR', 'AVDR']"
8415482,0.0,0.4830521912805767,ASHL,TEM adult,ASHL,"['AVDR', 'AIAL', 'HSNR']"
8415481,0.0,0.4972009122716261,ASHL,TEM adult,ASHL,"['HSNR', 'AIAL']"
8415480,0.0,0.4972009122716261,ASHL,TEM adult,ASHL,"['AVDR', 'AIAL']"
8415479,0.0,0.5081323432466014,ASHL,TEM adult,ASHL,"['AIBL', 'AIAL', 'AVDR']"
8415478,0.0,0.5733097306707138,ASHL,TEM adult,ASHL,"['AVBL', 'AVAL']"
8415477,0.0,0.5911991927045422,ASHL,TEM adult,ASHL,"['AVAL', 'AVBL']"
8415475,0.0,0.7729768130460973,ASHL,TEM adult,ASHL,"['AVBL', 'AVDL', 'AVAL']"
8415473,0.0013933741470126,0.9592197435089752,ASHL,TEM adult,ASHL,"['AIAL', 'AWBL']"
8415028,0.0,0.5733097306707138,ASHL,TEM adult,AIML,"['AVBL', 'ADAL', 'ASHL']"
8415027,0.0,0.7104480461841582,ASHL,TEM adult,AIML,"['AVBL', 'ASHL']"
8415008,0.0069269449219685,0.806349220283621,ASHL,TEM adult,AIML,"['ASHL', 'AWBL', 'AIAL']"
8239684,0.0258806945708973,0.5309251623575167,ASHL,TEM adult,ADLL,"['AVDR', 'ASHL', 'PVQL']"
8239675,0.0,0.4337501296056528,ASHL,TEM adult,ADLL,"['AIBL', 'ASHL']"
8239647,0.0,0.3770773868227742,ASHL,TEM adult,ADLL,"['ASHL', 'ASEL', 'AIBL']"
8453028,0.0,0.5104733819162317,ASHL,SEM adult,ASHL,"['AVDR', 'AVAL', 'AVDR']"
8471707,0.0,0.4602225596327421,ASHL,SEM adult,ASHL,"['AVDR', 'ADLL', 'AVAL', 'AVAL']"
8471706,0.0,0.53187288256607,ASHL,SEM adult,ASHL,"['AVBL', 'AVAL', 'AVDR']"
8471705,0.0,0.5828426922762441,ASHL,SEM adult,ASHL,"['AVAL', 'AVBL']"
8471654,0.0,0.4622362433030789,ASHL,SEM adult,ADLL,"['ASHL', 'AVDR']"
8471653,0.0,0.4602225596327421,ASHL,SEM adult,ADLL,"['ASHL', 'AVDR', 'AVAL']"
8469849,0.0,0.2750386696689394,ASHL,SEM adult,RIFL,"['ASHL', 'RIML']"
8469223,0.0,0.8442495616526486,ASHL,SEM adult,PVPL,"['AVBL', 'ASHL', 'PVCL']"
8462318,0.0,0.9595913333512333,ASHL,SEM adult,HSNR,"['AWBL', 'ASHL']"
8462289,0.0,0.1697843398690937,ASHL,SEM adult,HSNL,['ASHL']
8462285,0.0,0.3635844788581574,ASHL,SEM adult,HSNL,"['AIAL', 'PVQL', 'ASHL']"
8453161,0.026419658253194,0.1502003276396472,ASHL,SEM adult,ASIL,"['AIBL', 'ASHL']"
8453048,0.0,0.8040643100675123,ASHL,SEM adult,ASHL,"['AVAL', 'ADAL', 'AVAL', 'AVBL']"
8453044,0.0,0.0514170707806056,ASHL,SEM adult,ASHL,"['AIZL', 'AVBL']"
8453043,0.0272118958766232,0.1502003276396472,ASHL,SEM adult,ASHL,"['AIBL', 'AIAL']"
8453042,0.0183714122914702,0.1502003276396472,ASHL,SEM adult,ASHL,"['RMGL', 'AIAL']"
8453041,0.0,0.0559201258870578,ASHL,SEM adult,ASHL,['AVBL']
8453040,0.0369893322297676,0.2693727186994066,ASHL,SEM adult,ASHL,"['AVHR', 'RIAL', 'SMBVL']"
8453039,0.0,0.283302563430248,ASHL,SEM adult,ASHL,"['AIBL', 'RIFL', 'AIAL']"
8453038,0.0,0.3082172752819297,ASHL,SEM adult,ASHL,['AIAL']
8453036,0.0,0.3135433197173017,ASHL,SEM adult,ASHL,"['AIAL', 'ADLL']"
8453035,0.0,0.3692651843043033,ASHL,SEM adult,ASHL,"['AIBL', 'AIAL']"
8453034,0.0,0.3784345427384806,ASHL,SEM adult,ASHL,"['AIBL', 'AIAL']"
8453033,0.0,0.4468671751348926,ASHL,SEM adult,ASHL,"['AVAL', 'AVDR', 'AVAL']"
8453030,0.0,0.472751295197315,ASHL,SEM adult,ASHL,"['AIBL', 'AVDR']"
8453029,0.0,0.479058516486969,ASHL,SEM adult,ASHL,"['AVDR', 'PVQL', 'AIAL']"
8453027,0.0,0.52137494395239,ASHL,SEM adult,ASHL,"['AIBL', 'AIAL']"
8453019,0.0,0.5400526197823112,ASHL,SEM adult,ASHL,"['AVDR', 'AVAL', 'ADLL']"
8453018,0.0,0.5459989230616896,ASHL,SEM adult,ASHL,"['AIBL', 'PVQL', 'AIAL', 'AVDR']"
8453017,0.0,0.564738282582013,ASHL,SEM adult,ASHL,"['AVAL', 'AVBL', 'AVDR']"
8453015,0.0,0.5828426922762441,ASHL,SEM adult,ASHL,"['AVAL', 'AVBL']"
8453013,0.0,0.6223796842447573,ASHL,SEM adult,ASHL,['AVBL']
8453012,0.0,0.6165305835215106,ASHL,SEM adult,ASHL,"['AWBL', 'URXL', 'AIAL']"
8453011,0.0070746414524353,0.6890214343977147,ASHL,SEM adult,ASHL,"['AVEL', 'RMGL']"
8453010,0.0027124151911968,0.6890214343977147,ASHL,SEM adult,ASHL,"['AVEL', 'RMGL', 'URXL']"
8453009,0.0,0.6890214343977147,ASHL,SEM adult,ASHL,"['ADAL', 'AVJR']"
8453008,0.0,0.7689786105924037,ASHL,SEM adult,ASHL,"['AVAL', 'AVBL']"
8453007,0.0,0.7817913515532918,ASHL,SEM adult,ASHL,"['AVAL', 'AVBL']"
8453005,0.0,0.8117454654969681,ASHL,SEM adult,ASHL,"['ADAL', 'AVAL']"
8453004,0.0,0.8401838924792419,ASHL,SEM adult,ASHL,"['HSNL', 'HSNR']"
8453003,0.0,0.9991506497352748,ASHL,SEM adult,ASHL,"['AWAL', 'AIAR', 'AWBL']"
8418668,0.0,0.472751295197315,ASHL,SEM adult,ADLL,"['ASHL', 'AVAL']"
8417977,0.0139322315803185,0.5828426922762441,ASHL,SEM adult,ADLL,"['ASHL', 'AVAL', 'AVDR']"
8417976,0.0,0.5613095373338562,ASHL,SEM adult,ADLL,"['ASHL', 'AVDR', 'SMBVL']"
8417975,0.0,0.5597383222305525,ASHL,SEM adult,ADLL,"['ASHL', 'SMBVL', 'AVDR']"
8417972,0.0,0.5264068240954146,ASHL,SEM adult,ADLL,"['AIBL', 'ASHL', 'AVAL', 'SMBVL']"
8417966,0.0,0.4250955898807738,ASHL,SEM adult,ADLL,"['ASHL', 'AVAL']"
8417959,0.0,0.3123999181043433,ASHL,SEM adult,ADLL,"['AIBL', 'AIAL', 'ASHL']"
8417726,0.0158263803800266,0.6042673923061863,ASHL,SEM adult,ADFL,"['ASHL', 'AIZL']"
8417441,0.0,0.6165305835215106,ASHL,SEM adult,AWBL,"['AIZL', 'ASHL', 'AIAL']"
8416859,0.0,0.8155537290798262,ASHL,SEM adult,ASHL,"['AVBL', 'AVDL', 'AVAL']"
9003386,0.0,0.1800003982806989,ASHL,N2 dauer (Stigloher2),AWAL,"['ASHL', 'ADAL', 'AWBL']"
9001666,0.0,0.2207509005876597,ASHL,N2 dauer (Stigloher2),ASHL,"['AWBL', 'ADAL', 'RIAL']"
9001663,0.0,0.3086279678582725,ASHL,N2 dauer (Stigloher2),ASHL,"['AIBL', 'AIAL']"
9001654,0.0,0.4841597339302803,ASHL,N2 dauer (Stigloher2),ASHL,"['AIAL', 'AIBL', 'AVDR']"
9001640,0.0,0.8488495993833113,ASHL,N2 dauer (Stigloher2),ASHL,"['AVHL', 'RIPL']"
9000124,0.0254169557769164,0.285099863460279,ASHL,N2 dauer (Stigloher2),AIAL,"['ADAL', 'AIBL', 'ASHL']"
8999161,0.0,0.5464941096155129,ASHL,N2 dauer (Stigloher2),ADFL,"['ASHL', 'RMGL', 'ADAL']"
8987515,0.0,0.880603763045202,ASHL,N2 dauer (Stigloher2),ASHL,['BDUL']
8987518,0.0,0.7648377840953409,ASHL,N2 dauer (Stigloher2),ASHL,"['ADAL', 'AVDL']"
8987108,0.0030577272627529,0.7648377840953409,ASHL,N2 dauer (Stigloher2),ASHL,"['AVJR', 'AVAL']"
9598608,0.0,0.3258627858462087,ASHL,N2 dauer (Stigloher3),ASKL,"['ASHL', 'RIPL', 'AIAL']"
9598430,0.0,0.1813348962879188,ASHL,N2 dauer (Stigloher3),ASHL,"['BDUL', 'AWAL']"
9598426,0.0,0.3218175838514575,ASHL,N2 dauer (Stigloher3),ASHL,"['AIBL', 'AIAL']"
9598420,0.0,0.4501608417067509,ASHL,N2 dauer (Stigloher3),ASHL,"['AVDR', 'AIAL']"
9598414,0.0,0.5064358848709083,ASHL,N2 dauer (Stigloher3),ASHL,['AIAL']
9598411,0.0,0.5032062633924461,ASHL,N2 dauer (Stigloher3),ASHL,"['AVDR', 'AIAL']"
9598408,0.0,0.5707947764964993,ASHL,N2 dauer (Stigloher3),ASHL,['AVDR']
9598404,0.0,0.627529227613477,ASHL,N2 dauer (Stigloher3),ASHL,"['ADAL', 'AVAL']"
9598401,0.0,0.652979329760338,ASHL,N2 dauer (Stigloher3),ASHL,['AVAL']
9598399,0.0,0.6574165730538922,ASHL,N2 dauer (Stigloher3),ASHL,['AVHR']
9598391,0.0,0.8919156077318618,ASHL,N2 dauer (Stigloher3),ASHL,['BDUL']
9598388,0.0,0.9188385930232243,ASHL,N2 dauer (Stigloher3),ASHL,['RIPL']
9597539,0.0,0.5321472341388349,ASHL,N2 dauer (Stigloher3),RIFL,"['ADAL', 'ASHL']"
9597507,0.0,0.3112692762393652,ASHL,N2 dauer (Stigloher3),RIFL,"['ASHL', 'ADAL']"
9595135,0.0187722835590829,0.7830621292435977,ASHL,N2 dauer (Stigloher3),ADFL,['ASHL']
9594905,0.0148001291310393,0.7830621292435977,ASHL,N2 dauer (Stigloher3),AIML,['ASHL']
9585323,0.0,0.4585296165538871,ASHL,L1 5hr,PVQL,"['ASHL', 'AIAL', 'ASKL']"
9587529,0.0,0.2504040528713753,ASHL,L1 5hr,RIFL,"['ASHL', 'AVBL', 'AVJR']"
9587528,0.0,0.4999763970276456,ASHL,L1 5hr,RIFL,"['ASHL', 'AVBL', 'ALML']"
9587526,0.0,0.949935329440986,ASHL,L1 5hr,RIFL,"['AVBL', 'ASHL', 'AVBR', 'AVJR']"
9587303,0.0,0.3312994330123879,ASHL,L1 5hr,ASHL,"['AIBL', 'AIAL']"
9584872,0.0,0.3896669200739296,ASHL,L1 5hr,AVHR,"['ASHL', 'AVBL']"
9584226,0.0295765353554171,0.7806988206787546,ASHL,L1 5hr,ASHL,"['AVDL', 'AVJL']"
9584229,0.0,0.3544538058818628,ASHL,L1 5hr,ASHL,"['AIBL', 'AIAL']"
9584224,0.0179166074591787,0.6627720247957192,ASHL,L1 5hr,ASHL,"['ADFL', 'AIAL', 'AIZL']"
9584222,0.0,0.2540094827693355,ASHL,L1 5hr,ASHL,"['AIBL', 'RIFL']"
9584221,0.0,0.302362613866569,ASHL,L1 5hr,ASHL,"['AIBL', 'AIAL', 'ASKL']"
9584216,0.0,0.4857548100193409,ASHL,L1 5hr,ASHL,"['AIBL', 'AIAL']"
9584215,0.0,0.5750086724951591,ASHL,L1 5hr,ASHL,"['AVAL', 'AVBL']"
11441196,0.0261744302290612,0.0301713741855327,ASHL,daf-2 dauer,AVFR,"['ASHL', 'AVBR']"
11441044,0.0092005987692535,0.3935511982570073,ASHL,daf-2 dauer,AIML,"['ASHL', 'AVJR', 'AVDR']"
11441030,0.0,0.445876252207312,ASHL,daf-2 dauer,ADLL,"['AIAL', 'ASHL']"
11439220,0.0,0.4743391158748197,ASHL,daf-2 dauer,AWBL,"['ASHL', 'ADAL']"
11439080,0.0329852569230116,0.230082707776787,ASHL,daf-2 dauer,AWAL,"['ASHL', 'ADFL', 'AIZL']"
11439078,0.0329852569230116,0.230082707776787,ASHL,daf-2 dauer,AWAL,"['ADFL', 'ASHL']"
11439076,0.0,0.2926816890806314,ASHL,daf-2 dauer,AWAL,"['AVBL', 'ASHL', 'AVJR']"
11439045,0.0,0.8960059584904513,ASHL,daf-2 dauer,AVJR,"['AVDR', 'ASHL', 'AIMR']"
11439041,0.0165989800600714,0.3935511982570073,ASHL,daf-2 dauer,AVJR,"['URYVL', 'ASHL', 'AVAL']"
11438925,0.0,0.7295038095533328,ASHL,daf-2 dauer,ASKR,"['ASHL', 'ASKL', 'ASJR', 'AIML']"
11438906,0.0,0.9761450687429322,ASHL,daf-2 dauer,ASJR,"['PVQR', 'ASHL']"
11438843,0.0,0.1460284405352397,ASHL,daf-2 dauer,ASHL,"['AVDR', 'ADAL', 'AIAL', 'ADFL']"
11438842,0.0,0.3261148672199321,ASHL,daf-2 dauer,ASHL,"['AIBL', 'AIAL']"
11438841,0.0,0.3297863952354954,ASHL,daf-2 dauer,ASHL,['AIAL']
11438840,0.0,0.3340380235544946,ASHL,daf-2 dauer,ASHL,"['ADLL', 'AIAL', 'AVDR']"
11438837,0.0,0.3935511982570073,ASHL,daf-2 dauer,ASHL,"['AVDR', 'AVAL']"
11438836,0.0,0.3935511982570073,ASHL,daf-2 dauer,ASHL,"['AVDR', 'AVAL']"
11438835,0.0,0.3935511982570073,ASHL,daf-2 dauer,ASHL,"['AVDR', 'AVJR']"
11438834,0.0,0.3935511982570073,ASHL,daf-2 dauer,ASHL,"['AVJR', 'AVDR']"
11438833,0.0,0.4234555896149937,ASHL,daf-2 dauer,ASHL,"['AVDR', 'AVAL']"
11438832,0.0,0.4538528081384403,ASHL,daf-2 dauer,ASHL,"['AVJR', 'AVAL']"
11438829,0.0,0.4693463251006383,ASHL,daf-2 dauer,ASHL,"['AVFR', 'AVAL']"
11438828,0.0,0.4839737491231191,ASHL,daf-2 dauer,ASHL,"['AIAL', 'AIML']"
11438827,0.009440817983584,0.6056827500446275,ASHL,daf-2 dauer,ASHL,['AVJL']
11438824,0.0,0.6056827500446275,ASHL,daf-2 dauer,ASHL,"['AVAL', 'AVJR', 'AVAL']"
11438823,0.0,0.6186142852891416,ASHL,daf-2 dauer,AVJR,"['ASHL', 'AVDL', 'AVAL', 'AVBL']"
11438822,0.0,0.6186142852891416,ASHL,daf-2 dauer,ASHL,"['AVDL', 'AVJR', 'AVAL', 'AVBL']"
11438821,0.0051239198208212,0.6186142852891416,ASHL,daf-2 dauer,ASHL,"['AIML', 'AVDL', 'AVJL']"
11438820,0.0,0.754314762946876,ASHL,daf-2 dauer,ASHL,"['AIAR', 'RIPL', 'ASJR', 'ASKR']"
11438819,0.0,0.7928957544033274,ASHL,daf-2 dauer,ASHR,"['ASHL', 'AVJR']"
11438818,0.0,0.7847816989831944,ASHL,daf-2 dauer,ASHL,"['AVJR', 'ASHR']"
11438817,0.0,0.8923871906723851,ASHL,daf-2 dauer,ASHL,"['AVAR', 'AVJR', 'AVDR']"
11438785,0.0,0.3063771834961958,ASHL,daf-2 dauer,ASEL,"['ADAL', 'ASHL']"
11438311,0.0,0.3935511982570073,ASHL,daf-2 dauer,AIML,"['AVAL', 'AVBL', 'RMGL', 'ASHL']"
11437933,0.0,0.4328074783188451,ASHL,daf-2 dauer,AIAL,"['ASHL', 'AVAL', 'ADLL']"
11437928,0.0,0.3318921053355547,ASHL,daf-2 dauer,AIAL,"['ASHL', 'AIBL']"
11437907,0.0,0.9977983769313752,ASHL,daf-2 dauer,AIAR,"['ASHL', 'ASKR', 'AIBR']"
11437905,0.0061918570537952,0.9110989193147307,ASHL,daf-2 dauer,AIAR,"['ADAR', 'AVAR', 'ASHL']"
11260582,0.0,0.3507331455669638,ASHL,daf-2 dauer,PVQL,"['ASHL', 'ASKL', 'AIAL']"
10936173,0.0,0.9276204705833766,ASHL,daf-2 dauer,largeunknownfragment,"['largeunknownfragment', 'AIMR', 'ASHL']"
10936171,0.0,0.7598844023166712,ASHL,daf-2 dauer,largeunknownfragment,"['AVFL', 'ASHL', 'AIMR']"
10932404,0.0,0.8960059584904513,ASHL,daf-2 dauer,ASHL,"['AVAR', 'AVDR']"
10932403,0.0,0.7718050217632046,ASHL,daf-2 dauer,ASHL,['BDUL']
10932401,0.0,0.1176833064905348,ASHL,daf-2 dauer,ASHL,['AVDR']
10932400,0.0,0.6186142852891416,ASHL,daf-2 dauer,ASHL,['AVJL']
10932399,0.0,0.8781266240197716,ASHL,daf-2 dauer,ASHL,"['AWBR', 'AVJR']"
10932395,0.0,0.8960059584904513,ASHL,daf-2 dauer,ASHL,"['AVDR', 'AVJR']"
10932394,0.0,0.9919361696185328,ASHL,daf-2 dauer,ASHL,['AIAR']
4503954,0.0575295842673545,0.3621384138574716,ASHR,L1 16hr,AIAR,"['ASHR', 'AIBR']"
4503352,0.04030393469674,0.4263022369358206,ASHR,L1 16hr,AWBR,"['ASHR', 'URXR']"
4503351,0.0378724582956174,0.4263022369358206,ASHR,L1 16hr,AWBR,"['URXR', 'ASHR']"
4503350,0.0328703075501624,0.4263022369358206,ASHR,L1 16hr,AWBR,"['ASHR', 'URXR']"
4502654,0.0,0.4598458220445454,ASHR,L1 16hr,RIFR,"['ASHR', 'AVBR']"
4502653,0.0126139074278948,0.4598458220445454,ASHR,L1 16hr,RIFR,"['ASHR', 'AVBR']"
4502652,0.024978967445988,0.4598458220445454,ASHR,L1 16hr,RIFR,"['ASHR', 'AVBR']"
4502651,0.0308148008279385,0.4598458220445454,ASHR,L1 16hr,RIFR,"['BDUR', 'ASHR', 'AVBR']"
4500464,0.0,0.9182539982380278,ASHR,L1 16hr,AIMR,['ASHR']
4498733,0.0527982270677532,0.3621384138574716,ASHR,L1 16hr,ASHR,"['AIAR', 'ASKR', 'AIBR']"
4498732,0.0429632533964781,0.3621384138574716,ASHR,L1 16hr,ASHR,"['ASKR', 'AIAR']"
4498731,0.0516732826264294,0.3621384138574716,ASHR,L1 16hr,ASHR,['AIAR']
4498728,0.0,0.3352380856320306,ASHR,L1 16hr,ASHR,['AIAR']
4498727,0.0,0.3393393981518697,ASHR,L1 16hr,ASHR,['AIAR']
4498726,0.0,0.3454328625519617,ASHR,L1 16hr,ASHR,['AIAR']
4498725,0.0,0.3621384138574716,ASHR,L1 16hr,ASHR,['AIAR']
4498724,0.0139736192014595,0.3621384138574716,ASHR,L1 16hr,ASHR,"['AIBR', 'AIAR']"
4498723,0.0154762496181859,0.3621384138574716,ASHR,L1 16hr,ASHR,['AIAR']
4498720,0.0,0.4409313362986424,ASHR,L1 16hr,ASHR,"['AVAR', 'AVBR']"
4498717,0.0,0.4409313362986424,ASHR,L1 16hr,ASHR,['AVAR']
4498716,0.0,0.4263022369358206,ASHR,L1 16hr,ASHR,"['AVAR', 'AVAR']"
4498715,0.0,0.4332984337858618,ASHR,L1 16hr,ASHR,"['AVAR', 'AVAR']"
4498713,0.0,0.4409313362986424,ASHR,L1 16hr,ASHR,"['AVBR', 'AVAR']"
4498707,0.0278083367442169,0.4263022369358206,ASHR,L1 16hr,ASHR,"['AVAR', 'AVAR']"
4498706,0.0263981442570154,0.4263022369358206,ASHR,L1 16hr,ASHR,"['AVAR', 'AVAR']"
4498705,0.0263981442570154,0.4263022369358206,ASHR,L1 16hr,ASHR,"['AVAR', 'AVAR']"
4498704,0.0228979846916264,0.4263022369358206,ASHR,L1 16hr,ASHR,"['AVAR', 'AVAR']"
4498703,0.0,0.1752613079234873,ASHR,L1 16hr,ASHR,['RIAR']
4498702,0.0,0.1415823619197911,ASHR,L1 16hr,ASHR,['RIAR']
4498701,0.0,0.1529760304232708,ASHR,L1 16hr,ASHR,"['RIAR', 'SMBVR']"
4498695,0.0,0.6631876370509291,ASHR,L1 16hr,ASHR,"['AVDR', 'AVBR']"
4498694,0.0,0.6615350577854805,ASHR,L1 16hr,ASHR,"['ADAR', 'AVBR']"
4498693,0.0,0.6591126947476759,ASHR,L1 16hr,ASHR,"['ADAR', 'AVBR']"
4498692,0.0,0.894875976220666,ASHR,L1 16hr,ASHR,"['AVHL', 'AVBR']"
4498691,0.0,0.8879467174039286,ASHR,L1 16hr,ASHR,"['AVHL', 'AVBR']"
4497723,0.0201796883068693,0.4263022369358206,ASHR,L1 16hr,ADLR,"['ASHR', 'AVAR', 'AVAR']"
4497722,0.0228979846916264,0.4263022369358206,ASHR,L1 16hr,ADLR,"['ASHR', 'AVAR', 'AVAR']"
4497661,0.0527982270677532,0.3621384138574716,ASHR,L1 16hr,ADLR,"['ASHR', 'AIBR']"
4497660,0.0548784476367613,0.3621384138574716,ASHR,L1 16hr,ADLR,"['ASHR', 'AIBR']"
4497659,0.0575295842673545,0.3621384138574716,ASHR,L1 16hr,ADLR,"['ASHR', 'AIBR']"
4497636,0.0310975711864714,0.4263022369358206,ASHR,L1 16hr,ADLR,"['ASHR', 'AVAR']"
4497113,0.0,0.7153128957623485,ASHR,L1 16hr,AVHL,['ASHR']
4497112,0.0,0.7231555381374474,ASHR,L1 16hr,AVHL,"['RIFR', 'AWBR', 'ASHR']"
4497111,0.0,0.7199108682087814,ASHR,L1 16hr,AVHL,"['ASHR', 'AWBR']"
9652964,0.0016195579231612,0.7252880667319968,ASHR,L2,ASHR,"['ADAR', 'AVER']"
5049103,0.0,0.6117359249828039,ASHR,L2,ASHR,"['ADLR', 'AVDL', 'AVBR']"
5030656,0.0164599016843349,0.7252880667319968,ASHR,L2,ASHR,['AVBR']
5033157,0.0,0.3825536940032478,ASHR,L2,PVQR,"['ASHR', 'ASKR']"
5033123,0.0115449262973024,0.8165854775892422,ASHR,L2,PVPR,"['ASHR', 'AVBR']"
5031282,0.0373031329030941,0.6092542880377226,ASHR,L2,AWBR,"['ADFR', 'AIZR', 'AIAR', 'ASHR']"
5031056,0.0,0.4281083481920798,ASHR,L2,AVFL,"['AVFR', 'ASHR', 'AVBR']"
5030727,0.0,0.464365401114926,ASHR,L2,ASHR,"['AVDL', 'AVBR']"
5030723,0.0,0.6595034108476885,ASHR,L2,ASHR,"['AVBR', 'AVJL', 'AVDL']"
5030722,0.0122626578420242,0.7752987215998082,ASHR,L2,ASHR,"['AVHL', 'ADFR']"
5030708,0.0239016827162484,0.6092542880377226,ASHR,L2,ASHR,['ADFR']
5030706,0.0166330945685092,0.8165854775892422,ASHR,L2,ASHR,"['AVBR', 'AVAR', 'AVDR']"
5030700,0.0,0.2411045637663637,ASHR,L2,ASHR,"['ADFR', 'RIAR']"
5030699,0.0,0.2502828683728864,ASHR,L2,ASHR,"['ADFR', 'SMBDR', 'RIAR']"
5030693,0.0,0.3170022918507561,ASHR,L2,ASHR,"['AIAR', 'AIBR']"
5030688,0.0,0.3418428747879091,ASHR,L2,ASHR,"['AIBR', 'AIAR']"
5030686,0.0,0.364685923546134,ASHR,L2,ASHR,"['AIAR', 'AIBR']"
5030685,0.0,0.4240109851588733,ASHR,L2,ASHR,['AIAR']
5030683,0.0,0.498352213658653,ASHR,L2,ASHR,"['AVDL', 'AIAR']"
5030682,0.0,0.498352213658653,ASHR,L2,ASHR,"['AVDL', 'AVBR']"
5030681,0.0,0.5296699597929038,ASHR,L2,ASHR,"['AIAR', 'AIBR']"
5030680,0.0,0.5427486048582212,ASHR,L2,ASHR,"['AIAR', 'AIBR']"
5030679,0.0,0.559312467123694,ASHR,L2,ASHR,"['AIBR', 'AIAR']"
5030678,0.0,0.559312467123694,ASHR,L2,ASHR,"['AIBR', 'AIAR']"
5030670,0.0,0.6270360050395822,ASHR,L2,ASHR,"['AVBR', 'ADAR']"
5030654,0.0,0.971289396892453,ASHR,L2,ASHR,"['AWBR', 'AWAR']"
4976904,0.0,0.6164554118930328,ASHR,L2,ADAR,"['ASHR', 'AVBR']"
4977157,0.0,0.5318247879699514,ASHR,L2,ADLR,"['ASHR', 'AVDL']"
4977164,0.0,0.6270360050395822,ASHR,L2,ADLR,"['ASHR', 'AVDL', 'AVJL']"
4977160,0.0,0.5659987049814581,ASHR,L2,ADLR,"['ASHR', 'AIBR']"
6647188,0.0,0.9872309133461484,ASHR,L1 8hr,RIFR,"['ASHR', 'AVBL']"
6647184,0.0,1.0,ASHR,L1 8hr,RIFR,"['AVBR', 'ASHR', 'AVBL']"
6375177,0.0,0.5264887971825883,ASHR,L1 8hr,AVHL,"['ASHR', 'URXR']"
6375086,0.0,0.5410687003618809,ASHR,L1 8hr,ASHR,"['AVAR', 'AVBR', 'AVDL']"
6375074,0.0,0.5410687003618809,ASHR,L1 8hr,ASHR,"['AVAR', 'AVAR', 'AVBR']"
6375073,0.0082500375821961,0.496986207595753,ASHR,L1 8hr,ASHR,['AIAR']
6375067,0.0119207951025308,0.557632523742949,ASHR,L1 8hr,ASHR,"['ADAR', 'AVBR', 'AVDL', 'AVJL']"
6375066,0.0,0.557632523742949,ASHR,L1 8hr,ASHR,"['AVBR', 'AVDL']"
6375065,0.0,0.5053751384683108,ASHR,L1 8hr,ASHR,"['AIBR', 'AIAR']"
6375064,0.0,0.2250994363902387,ASHR,L1 8hr,ASHR,"['RIAR', 'RIMR']"
6375062,0.0,0.2927976373684563,ASHR,L1 8hr,ASHR,"['AWAR', 'ASER', 'AIBR']"
6375061,0.0,0.2994058051880801,ASHR,L1 8hr,ASHR,"['AIAR', 'AIBR']"
6375060,0.0,0.7758190950628443,ASHR,L1 8hr,ASHR,"['AVJR', 'AVDR']"
6374819,0.0101453337383757,0.496986207595753,ASHR,L1 8hr,AIAR,"['ASHR', 'ADAR', 'AIBR']"
6374774,0.0042978623524883,0.496986207595753,ASHR,L1 8hr,ADLR,"['ASHR', 'AIBR']"
7125507,0.0,0.9710057093310834,ASHR,L1 0hr,RIFR,"['AVJL', 'AVBR', 'ASHR']"
7125504,0.0,0.5441354992880219,ASHR,L1 0hr,RIFR,"['ALMR', 'AVBR', 'ASHR']"
7051252,0.0,0.3450789594610783,ASHR,L1 0hr,ASHR,"['AIAR', 'AIBR']"
7051251,0.0,0.980474688696414,ASHR,L1 0hr,ASHR,"['AVHL', 'AVBR']"
7051242,0.0,0.3162616708481442,ASHR,L1 0hr,ASHR,"['AIAR', 'AIBR']"
7050128,0.0,0.25748163814896,ASHR,L1 0hr,AIAR,"['RIFR', 'AIBR', 'ASHR']"
7049043,0.0,0.7062980789218014,ASHR,L1 0hr,ASHR,"['AVDL', 'AVBR']"
15137573,0.0,0.4838948657394537,ASHR,L3,ASHR,"['AVDL', 'AIBR']"
7185333,0.0,0.6826495137588557,ASHR,L3,RMGR,"['AVJL', 'AVBR', 'ASHR']"
7184808,0.004843215845026,0.0759213640752063,ASHR,L3,RIFR,"['RIMR', 'AUAR', 'ASHR']"
7184799,0.0,0.5136099779115798,ASHR,L3,RIFR,"['ASHR', 'AVBR', 'ADAR']"
7184456,0.0,0.2987256183505504,ASHR,L3,PVQR,"['ASHR', 'AIAR', 'ASKR']"
7183742,0.0,0.2856953518491762,ASHR,L3,AWAR,"['RIFR', 'ASHR']"
7183740,0.0089400775671826,0.0759213640752063,ASHR,L3,AWAR,"['AVBR', 'ASHR', 'AIZR']"
7183437,0.0,0.309396340864231,ASHR,L3,ASHR,"['AIAR', 'AIBR']"
7183436,0.0,0.3972685373666899,ASHR,L3,ASHR,"['AIAR', 'AIBR']"
7183434,0.0,0.5964140197757025,ASHR,L3,ASHR,"['AVAR', 'AVBR']"
7183433,0.0114253671440876,0.7899664097047356,ASHR,L3,ASHR,"['AVBR', 'AVJR', 'AVDR']"
7183432,0.0114253671440876,0.7899664097047356,ASHR,L3,ASHR,"['AVDR', 'AVAR']"
7183431,0.0,0.3260686149315124,ASHR,L3,ASHR,"['AIBR', 'AIAR']"
7183430,0.0,0.449410651791799,ASHR,L3,ASHR,['AIAR']
7183429,0.0,0.4779472808440088,ASHR,L3,ASHR,"['AVDL', 'AIAR', 'AIBR']"
7183428,0.0,0.4779472808440088,ASHR,L3,ASHR,"['AIAR', 'ADAR', 'AIBR']"
7183427,0.0,0.4998585551888561,ASHR,L3,ASHR,"['AVBR', 'AVDL']"
7183425,0.0,0.622413822341136,ASHR,L3,ASHR,"['AVDL', 'AVAR']"
7183424,0.0,0.6558308554813438,ASHR,L3,ASHR,"['AVER', 'RMGR']"
7183422,0.0,0.9843635446624498,ASHR,L3,ASHR,"['AVAL', 'AVBR', 'ADAR']"
7183418,0.0,0.296551002937818,ASHR,L3,ASHR,['AIAR']
7183417,0.0,0.2924109672559672,ASHR,L3,ASHR,"['AIAR', 'AIBR']"
7183416,0.0,0.279011120071459,ASHR,L3,ASHR,['AIAR']
7183415,0.0,0.2443832819842443,ASHR,L3,ASHR,"['AIAR', 'AIBR']"
7183414,0.0,0.1816470238847181,ASHR,L3,ASHR,"['RIMR', 'RIAR', 'ADFR']"
7183413,0.0,0.1712953464430393,ASHR,L3,ASHR,['AIAR']
7182837,0.0,0.3411299663399748,ASHR,L3,ADLR,"['ASHR', 'AIBR']"
7182702,0.0,0.5882118731865142,ASHR,L3,ADAR,"['AVDL', 'ASHR', 'AVBR']"
9824059,0.0,0.6366034391363967,ASHR,TEM adult,ADLR,"['AVAR', 'ASHR']"
8239468,0.0,0.6313990310096421,ASHR,TEM adult,ADLR,"['ASHR', 'AVAR', 'SMBVR']"
9824058,0.0,0.5133526562593326,ASHR,TEM adult,ADLR,"['AVJL', 'AVAR', 'ASHR']"
8239443,0.0,0.4369655221685022,ASHR,TEM adult,ADLR,"['ASHR', 'AIBR', 'AIAR']"
8472499,0.0,0.7649674633533587,ASHR,TEM adult,RMGR,"['ASHR', 'AVBR']"
8472453,0.0020426343315955,0.5955779067902686,ASHR,TEM adult,ASHR,"['AIAR', 'AVDL', 'AIBR']"
8416140,0.0,0.705144023650638,ASHR,TEM adult,AVHL,"['ASHR', 'RIR']"
8468613,0.0,0.617182577680194,ASHR,TEM adult,RMGR,"['ASHR', 'SMBVR']"
8467201,0.0140344322399936,0.9774811057662348,ASHR,TEM adult,RIFR,"['AVBR', 'ASHR']"
8421767,0.0,0.963628234066649,ASHR,TEM adult,HSNR,"['ASHR', 'AWBR']"
8421654,0.0031445967698403,0.4670530213573974,ASHR,TEM adult,HSNL,"['AVAR', 'AVBR', 'ASHR']"
8421642,0.0,0.3595539042312475,ASHR,TEM adult,HSNL,"['ASHR', 'AVHL', 'RIMR', 'RIFL']"
8417078,0.0,0.1637404579133774,ASHR,TEM adult,AWAR,"['ASHR', 'RIFR']"
8415777,0.0,0.1873617944824589,ASHR,TEM adult,ASKR,"['ASHR', 'AIAR']"
8415628,0.0,0.2581847962407825,ASHR,TEM adult,ASHR,"['ADFR', 'RIAR']"
8415627,0.0,0.4956065403067473,ASHR,TEM adult,ASHR,"['AVAR', 'AVJL']"
8415626,0.0,0.6207648381294103,ASHR,TEM adult,ASHR,"['AVBR', 'ADAR']"
8415625,0.0,0.6429845175400895,ASHR,TEM adult,ASHR,"['AVBR', 'AVAR']"
8415624,0.0,0.6429845175400895,ASHR,TEM adult,ASHR,"['ADFR', 'AIAR']"
8415620,0.0058228291771342,0.7157789149505089,ASHR,TEM adult,ASHR,"['AVHL', 'AVBR']"
8415619,0.0126954226776052,0.7157789149505089,ASHR,TEM adult,ASHR,"['AVBR', 'AVHL']"
8415618,0.0043985272484273,0.842890332720238,ASHR,TEM adult,ASHR,"['AVBR', 'AVDR', 'AVFR']"
8415617,0.0057330144404658,0.842890332720238,ASHR,TEM adult,ASHR,"['AVBR', 'AVDR']"
8415616,0.0057330144404658,0.842890332720238,ASHR,TEM adult,ASHR,"['AVBR', 'AVDR']"
8415614,0.0533466188855688,0.6117675115138881,ASHR,TEM adult,ASHR,"['AVDL', 'AVBR']"
8415613,0.0483960682358565,0.6117675115138881,ASHR,TEM adult,ASHR,['AVBR']
8415612,0.0140344322399936,0.9774811057662348,ASHR,TEM adult,ASHR,"['RIFR', 'AWBR']"
8415611,0.0,0.1168790930848355,ASHR,TEM adult,ASHR,"['AVBR', 'AIYR']"
8415610,0.0,0.2492611114795138,ASHR,TEM adult,ASHR,"['RIAR', 'ADFR']"
8415607,0.0,0.2608201936334241,ASHR,TEM adult,ASHR,"['ADAR', 'RIAR']"
8415606,0.0,0.316381654100327,ASHR,TEM adult,ASHR,"['AIBR', 'AIAR', 'ADAR']"
8415605,0.0,0.3419977841647253,ASHR,TEM adult,ASHR,"['AIBR', 'AIAR']"
8415604,0.0,0.3497004885677736,ASHR,TEM adult,ASHR,"['AIBR', 'AIAR']"
8415603,0.0,0.3617707135164962,ASHR,TEM adult,ASHR,"['AIBR', 'AIAR']"
8415602,0.0,0.372928192873227,ASHR,TEM adult,ASHR,"['AIBR', 'AIAR']"
8415601,0.0,0.3844725143052661,ASHR,TEM adult,ASHR,"['AIBR', 'AIAR']"
8415600,0.0,0.4767146041409995,ASHR,TEM adult,ASHR,"['AVBR', 'AVAR', 'AVJL']"
8415598,0.0,0.4767146041409995,ASHR,TEM adult,ASHR,"['AIBR', 'AIAR']"
8415595,0.0,0.4804246282706801,ASHR,TEM adult,ASHR,['AIAR']
8415594,0.0,0.4956065403067473,ASHR,TEM adult,ASHR,"['HSNR', 'AIAR']"
8415592,0.0,0.5955779067902686,ASHR,TEM adult,ASHR,"['AIAR', 'AVDL', 'AIBR']"
8415589,0.0,0.5955779067902686,ASHR,TEM adult,ASHR,"['AVBR', 'AIBR', 'AIAR']"
8415583,0.0,0.6313990310096421,ASHR,TEM adult,ASHR,"['AVBR', 'AVAR']"
8415581,0.0,0.712466181111278,ASHR,TEM adult,ASHR,"['AVBR', 'AVAR']"
8415580,0.0023924261635325,0.7157789149505089,ASHR,TEM adult,ASHR,"['ADAR', 'AVER']"
8415578,0.0,0.938497010970354,ASHR,TEM adult,ASHR,"['AVHL', 'AWBR']"
8415057,0.005055429813607,0.8374243087682035,ASHR,TEM adult,AIMR,"['AVDR', 'ASHR']"
8414977,0.0,0.401488312081069,ASHR,TEM adult,AIAR,"['AIBR', 'ASHR']"
8239446,0.0,0.4956065403067473,ASHR,TEM adult,ADLR,"['ASHR', 'SMBVR', 'AVAR']"
8237917,0.0,0.664635832942547,ASHR,TEM adult,ASHR,"['AVAR', 'ADAR', 'AVBR']"
8471990,0.0,0.548046010194612,ASHR,SEM adult,ASHR,"['AVAR', 'AVDL']"
8471988,0.0,0.5389645883200828,ASHR,SEM adult,ASHR,"['AVDL', 'AIAR']"
8471987,0.0,0.7080527974008259,ASHR,SEM adult,ASHR,"['AVAR', 'AVHL']"
8471986,0.0246665363486963,0.5549593006337746,ASHR,SEM adult,ASHR,"['AVAR', 'ADAR', 'ADLR']"
8471985,0.0,0.5567429649161327,ASHR,SEM adult,ASHR,"['AVAR', 'AVAR', 'AVDL']"
8471984,0.0,0.5923523895813687,ASHR,SEM adult,ASHR,"['AVAL', 'AVDL']"
8471982,0.0,0.628369376301325,ASHR,SEM adult,ASHR,"['ADLR', 'AVAR']"
8471981,0.0,0.6834429179016793,ASHR,SEM adult,ASHR,"['AVBR', 'AVAR']"
8471980,0.0,0.8392498321298264,ASHR,SEM adult,ASHR,"['AVDR', 'AVBR']"
8471979,0.0,0.9864589943719614,ASHR,SEM adult,ASHR,"['AIAR', 'AWAR', 'AIAL']"
8470574,0.0,0.7291512296637762,ASHR,SEM adult,RMGR,"['AVER', 'AVBR', 'ASHR']"
8462327,0.0,0.4997027991610739,ASHR,SEM adult,HSNR,"['ASHR', 'AIAR']"
8453134,0.0,0.8305474352534482,ASHR,SEM adult,ASHR,"['AVBR', 'AVAR']"
8453131,0.0172544360002234,0.1730319582601644,ASHR,SEM adult,ASHR,"['AIAR', 'HSNR']"
8453128,0.0,0.1265668687916978,ASHR,SEM adult,ASHR,"['AVJL', 'AIYR']"
8453126,0.0,0.2442131751245354,ASHR,SEM adult,ASHR,"['RIAR', 'RIMR', 'ADFR']"
8453123,0.0,0.3727313688888986,ASHR,SEM adult,ASHR,"['AIBR', 'AIAR']"
8453121,0.0,0.3949939526104634,ASHR,SEM adult,ASHR,"['AIBR', 'AIAR']"
8453119,0.0,0.4064475198823357,ASHR,SEM adult,ASHR,"['AIAR', 'AIBR']"
8453117,0.0,0.4215295571313141,ASHR,SEM adult,ASHR,"['AIAR', 'AIBR']"
8453116,0.0,0.4809105346784477,ASHR,SEM adult,ASHR,"['AIAR', 'AIBR']"
8453113,0.0,0.4920334741174926,ASHR,SEM adult,ASHR,"['AIAR', 'AIBR']"
8453109,0.0,0.5241619498862488,ASHR,SEM adult,ASHR,"['ADLR', 'AVDL']"
8453101,0.0,0.7002872612789371,ASHR,SEM adult,ASHR,"['AIAR', 'AWBR', 'AIMR']"
8453097,0.0,0.5567429649161327,ASHR,SEM adult,ASHR,"['AVAR', 'ADLR', 'AVDL']"
8453071,0.0,0.5811050412188872,ASHR,SEM adult,ASHR,"['AIAR', 'AVDL', 'AVDL']"
8453065,0.0,0.5788697405194212,ASHR,SEM adult,ASHR,"['AVDL', 'AVAR']"
8453064,0.0,0.5871411900773243,ASHR,SEM adult,ASHR,"['AVAR', 'AVBR']"
8453063,0.0,0.5923523895813687,ASHR,SEM adult,ASHR,"['AVAL', 'AVDL', 'AVBR', 'AVAR']"
8453061,0.0,0.5923523895813687,ASHR,SEM adult,ASHR,"['AVBR', 'AVAR']"
8453059,0.0,0.6462074597539353,ASHR,SEM adult,ASHR,"['AVHL', 'AVAR']"
8453057,0.0,0.637085317159525,ASHR,SEM adult,ASHR,"['AVAR', 'AVBR']"
8453055,0.0,0.7139326229058333,ASHR,SEM adult,ASHR,"['ADAR', 'AVAR', 'AVBR', 'AVER']"
8453054,0.0,0.7256029269870632,ASHR,SEM adult,ASHR,"['AVBR', 'AVER', 'RMGR']"
8453052,0.0,0.8533733981818455,ASHR,SEM adult,ASHR,"['AVBR', 'AVAR', 'AVDR', 'PVCL']"
8453051,0.0,0.8574316804292885,ASHR,SEM adult,ASHR,['PVCL']
8453050,0.0,0.9141956370937864,ASHR,SEM adult,ASHR,"['HSNR', 'HSNL']"
8447653,0.0,0.5965698543980472,ASHR,SEM adult,ADLR,"['ASHR', 'AVAR', 'SMBVR']"
8447639,0.0,0.5923523895813687,ASHR,SEM adult,ADLR,"['AVDL', 'ASHR']"
8419735,0.0,0.3629913701248265,ASHR,SEM adult,ADLR,"['AIBR', 'ASHR']"
8417425,0.0,0.639128416217658,ASHR,SEM adult,AWAR,"['ASHR', 'ADLR']"
8417420,0.0,0.9334085419471262,ASHR,SEM adult,AWAR,"['ASHR', 'RIFR']"
8416476,0.0,0.8447148698629128,ASHR,SEM adult,ASHR,"['AVDR', 'AVBR', 'AVAR']"
8416475,0.0,0.8424722907699614,ASHR,SEM adult,AIMR,"['AVDR', 'ASHR', 'ADAR']"
8416462,0.0,0.6761672769254027,ASHR,SEM adult,AIMR,"['AVAR', 'ASHR', 'ADAR']"
8416271,0.0,0.3493711111508354,ASHR,SEM adult,ASHR,"['AIAR', 'AIBR']"
8416229,0.0,0.737898100494705,ASHR,SEM adult,AVHL,"['ASHR', 'RIR']"
16674165,0.0,0.5768396632965012,ASHR,N2 dauer (Stigloher2),ASHR,"['ADAR', 'AVDL', 'AVAR']"
16674149,0.0,0.2447655855601443,ASHR,N2 dauer (Stigloher2),ASHR,"['AIAR', 'RIPR']"
9001634,0.0,0.0773790908549972,ASHR,N2 dauer (Stigloher2),ASGR,"['AIZR', 'ASHR', 'AIAR']"
9010472,0.0,0.771212719875244,ASHR,N2 dauer (Stigloher2),ASHR,"['RMGR', 'AVBR', 'AVAR']"
9008964,0.0,0.2437253407938473,ASHR,N2 dauer (Stigloher2),PVQR,"['RIPR', 'ASHR', 'BDUR']"
9003493,0.0,0.1693844077687625,ASHR,N2 dauer (Stigloher2),ASHR,"['ADAR', 'AWBR', 'RIAR']"
9003491,0.0,0.1693844077687625,ASHR,N2 dauer (Stigloher2),AWBR,"['RIAR', 'ASHR']"
9002167,0.0,0.6396714079270915,ASHR,N2 dauer (Stigloher2),AVHL,"['ASHR', 'AVAR']"
9001676,0.0,0.3266054846023188,ASHR,N2 dauer (Stigloher2),ASHR,"['AIAR', 'AVDL']"
9001673,0.0,0.0985148773721706,ASHR,N2 dauer (Stigloher2),ASHR,"['AIAR', 'BDUR', 'RIFR']"
9000138,0.0,0.2373839875788562,ASHR,N2 dauer (Stigloher2),ASHR,"['AIBR', 'AIAR']"
9000136,0.0,0.4956613087455362,ASHR,N2 dauer (Stigloher2),ASHR,"['AVDL', 'RIPR', 'AIAR']"
8999171,0.0361701920355151,0.7759731417924104,ASHR,N2 dauer (Stigloher2),ADFR,"['AVDR', 'ASHR']"
8980577,0.0,0.6300260308165598,ASHR,N2 dauer (Stigloher2),ASHR,"['AVDL', 'AVBR']"
8980571,0.0,0.8937275582806018,ASHR,N2 dauer (Stigloher2),ASHR,['BDUR']
9599750,0.0,0.6867497551767052,ASHR,N2 dauer (Stigloher3),PVPR,"['ASHR', 'AVHL']"
9599089,0.0,0.3478005309367333,ASHR,N2 dauer (Stigloher3),BDUR,"['ASHR', 'RIPR']"
9598995,0.0061584182787365,0.019081694753175,ASHR,N2 dauer (Stigloher3),AVM,"['IL2VR', 'ASHR']"
9598900,0.0,0.4308239026870446,ASHR,N2 dauer (Stigloher3),AVJL,"['RIPR', 'ASHR']"
9598495,0.0,0.9435427713232124,ASHR,N2 dauer (Stigloher3),ASHR,"['AIAR', 'AWAR']"
9598486,0.0,0.1700758556752714,ASHR,N2 dauer (Stigloher3),ASHR,['RIFR']
9598483,0.0,0.173400740137686,ASHR,N2 dauer (Stigloher3),ASHR,['AIAR']
9598481,0.0,0.1765153713037904,ASHR,N2 dauer (Stigloher3),ASHR,['BDUR']
9598477,0.0,0.2651425902621778,ASHR,N2 dauer (Stigloher3),ASHR,['RIAR']
9598474,0.0,0.3319037650034374,ASHR,N2 dauer (Stigloher3),ASHR,['AIAR']
9598471,0.0,0.3359204384679052,ASHR,N2 dauer (Stigloher3),ASHR,['BDUR']
9598465,0.0,0.4786056595229764,ASHR,N2 dauer (Stigloher3),ASHR,"['AVDL', 'AIAR']"
9598462,0.0,0.5045813717214305,ASHR,N2 dauer (Stigloher3),ASHR,"['AVDL', 'AIAR']"
9598458,0.0,0.5432443150120752,ASHR,N2 dauer (Stigloher3),ASHR,"['AIAR', 'AIBR']"
9598450,0.0,0.6106784216903508,ASHR,N2 dauer (Stigloher3),ASHR,['AIZR']
9598447,0.0,0.6530373721000658,ASHR,N2 dauer (Stigloher3),ASHR,['AIMR']
9598444,0.0,0.6808020771837366,ASHR,N2 dauer (Stigloher3),ASHR,"['AVJL', 'AVAR']"
9598442,0.0,0.8030805040777941,ASHR,N2 dauer (Stigloher3),ASHR,"['AVDR', 'AVAR']"
9598439,0.0,0.8030805040777941,ASHR,N2 dauer (Stigloher3),ASHR,"['AVJR', 'AVDR']"
9597560,0.0,0.3186661337350029,ASHR,N2 dauer (Stigloher3),RIFR,['ASHR']
9597557,0.0,0.3545595448589125,ASHR,N2 dauer (Stigloher3),RIFR,['ASHR']
9595495,0.0,0.2680573849790392,ASHR,N2 dauer (Stigloher3),AWAR,"['ASER', 'ASHR']"
9583862,0.0,0.7088586625384994,ASHR,L1 5hr,ADAR,"['AVJL', 'ASHR', 'AVBR', 'AVDL']"
9587926,0.0,0.2624918793578663,ASHR,L1 5hr,ASHR,"['RIAR', 'SMBVR']"
9587537,0.0,0.3126948581800197,ASHR,L1 5hr,RIFR,"['ASHR', 'AVBR', 'AVJL']"
9584875,0.0,0.1020736299691899,ASHR,L1 5hr,AVJL,"['ASHR', 'SMBVR', 'RIFR']"
9584774,0.0,0.2911888585280043,ASHR,L1 5hr,ASHR,"['RIAR', 'ADAR']"
9584773,0.0,0.3362031924128998,ASHR,L1 5hr,ASHR,"['AIBR', 'AIAR']"
9584771,0.0,0.5433945659713498,ASHR,L1 5hr,ASHR,"['AIBR', 'ADAR', 'AIAR']"
9584770,0.0,0.9852517111250166,ASHR,L1 5hr,ASHR,"['PVQR', 'AWAR']"
9584769,0.0054023302170455,0.8632436277829312,ASHR,L1 5hr,ASHR,"['AVBR', 'AVDR', 'AVJR']"
9584013,0.0,0.2911888585280043,ASHR,L1 5hr,AIAR,"['ASHR', 'AIBR', 'RIFR']"
9583879,0.0,0.6468301894201,ASHR,L1 5hr,ADAR,"['ASHR', 'AVBR']"
11441217,0.0,0.272621340811528,ASHR,daf-2 dauer,RIFR,"['ADAR', 'ASHR', 'AVHL']"
11440363,0.040250172615975,0.6027148823724872,ASHR,daf-2 dauer,RIFR,"['ASHR', 'AVBR', 'ADAR']"
11439102,0.0,0.3290978871391149,ASHR,daf-2 dauer,AWAR,"['ASHR', 'RIPR', 'AIBR']"
11438868,0.0,0.3649047341261723,ASHR,daf-2 dauer,ASHR,"['RIMR', 'AVDL']"
11439088,0.0382509681964711,0.464757844285006,ASHR,daf-2 dauer,AWAR,"['ASHR', 'RIPR', 'RIPR', 'AIAR']"
11439019,0.0,0.9031989840429258,ASHR,daf-2 dauer,AWBR,"['ADFR', 'AVJR', 'ASHR']"
11438867,0.0253271838140146,0.1242613058952122,ASHR,daf-2 dauer,ASHR,"['RIFR', 'BDUR']"
11438866,0.0,0.2515184498235645,ASHR,daf-2 dauer,ASHR,"['ADFR', 'RIAR']"
11438865,0.0,0.3405611323831108,ASHR,daf-2 dauer,ASHR,"['AIAR', 'AIBR', 'AVDL']"
11438864,0.0094700529229194,0.4470020648431806,ASHR,daf-2 dauer,ASHR,"['AIBR', 'AIAR']"
11438863,0.0094700529229194,0.4470020648431806,ASHR,daf-2 dauer,ASHR,"['AIBR', 'AIAR']"
11438861,0.0,0.5360802291159777,ASHR,daf-2 dauer,ASHR,['AIAR']
11438860,0.0,0.6027148823724872,ASHR,daf-2 dauer,ASHR,"['AQR', 'AVAR', 'AVDL']"
11438859,0.0,0.6027148823724872,ASHR,daf-2 dauer,ASHR,"['AVDL', 'AVAR']"
11438858,0.0371348093092129,0.6027148823724872,ASHR,daf-2 dauer,ASHR,"['BDUR', 'AIAR']"
11438857,0.0220862212529265,0.6027148823724872,ASHR,daf-2 dauer,ASHR,"['largeunknownfragment', 'BDUR', 'AIAR']"
11438855,0.0,0.6455539757074195,ASHR,daf-2 dauer,ASHR,"['AVDL', 'AVBR', 'AVAR']"
11438854,0.0,0.6455539757074195,ASHR,daf-2 dauer,ASHR,"['AVFL', 'AVAR', 'AVJL']"
11438853,0.0,0.7312812181260234,ASHR,daf-2 dauer,ASHR,"['AVFL', 'AVJL', 'AVFR']"
11438852,0.0,0.8178852560175414,ASHR,daf-2 dauer,ASHR,"['AVDR', 'AVJR']"
11438851,0.0,0.7811898150652901,ASHR,daf-2 dauer,ASHR,"['ADFR', 'AVJR']"
11438850,0.0,0.8390074412292976,ASHR,daf-2 dauer,ASHR,"['AVJR', 'AVJR', 'AWBR']"
11438849,0.0,0.8903232338043681,ASHR,daf-2 dauer,ASHR,"['largeunknownfragment', 'AVJR', 'AWBR', 'AVJR']"
11438848,0.0,0.9671414548709488,ASHR,daf-2 dauer,ASHR,"['AVJR', 'ADFL']"
11438847,0.0,0.9537899958304789,ASHR,daf-2 dauer,ASHR,"['ADFL', 'ADFR', 'AVJR', 'AWBR']"
11438846,0.0,0.9461478985424926,ASHR,daf-2 dauer,ASHR,"['AVDR', 'RIR', 'AVJR']"
11438819,0.0,0.9234429654928832,ASHR,daf-2 dauer,ASHR,"['ASHL', 'AVJR']"
11438818,0.0,0.9318470949852468,ASHR,daf-2 dauer,ASHL,"['AVJR', 'ASHR']"
11438803,0.0108804718255219,0.6891197870061335,ASHR,daf-2 dauer,ADFR,"['AIZR', 'ASHR', 'AVFR', 'AIMR']"
11438764,0.0060595958652709,0.6027148823724872,ASHR,daf-2 dauer,AQR,"['ADAR', 'AVDL', 'ASHR', 'AVAR']"
11438707,0.049493414786424,0.6027148823724872,ASHR,daf-2 dauer,AIZR,"['AIAR', 'ASHR', 'AIBR']"
11437919,0.0,0.4470020648431806,ASHR,daf-2 dauer,AIAR,"['RIPR', 'ASHR', 'AIBR']"
11437914,0.049493414786424,0.6027148823724872,ASHR,daf-2 dauer,AIAR,"['ASER', 'ASHR', 'AIBR']"
11437892,0.0230939713532609,0.6455539757074195,ASHR,daf-2 dauer,ADLR,"['AIMR', 'ASHR']"
10941800,0.0,0.4028465077685617,ASHR,daf-2 dauer,RIPR,"['ASHR', 'PVPR', 'ASKR', 'AIBR', 'AIAR']"
10932466,0.0352723730912324,0.464757844285006,ASHR,daf-2 dauer,AWAR,"['RIPR', 'ASHR', 'RIPR']"
10932406,0.0063271658862987,0.4470020648431806,ASHR,daf-2 dauer,ASHR,"['AIBR', 'AIAR']"
10932405,0.0,0.7811898150652901,ASHR,daf-2 dauer,ASHR,"['AVAR', 'AIAR']"
